1 2
1 3
1 4
1 5
2 3
3 4
3 5
3 6
3 7
3 8
3 9
5 6
5 7
5 8
5 9
5 10
6 7
6 8
6 9
7 8
7 9
7 10
7 11
7 12
8 9
8 10
8 11
8 12
13 14
13 15
13 16
13 17
13 18
13 19
14 15
14 16
14 17
14 18
16 17
18 19
18 20
18 21
18 22
19 20
19 21
19 22
19 23
19 24
20 21
20 22
20 23
20 24
20 25
20 26
21 22
21 23
21 24
22 23
22 24
22 25
22 26
22 27
22 28
24 25
24 26
24 27
25 26
25 27
26 27
26 28
26 29
26 30
28 29
28 30
28 31
30 31
30 32
30 33
30 34
30 35
32 33
32 34
33 34
33 35
33 36
33 37
33 38
36 37
36 38
36 39
37 38
38 39
38 40
38 41
38 42
40 41
40 42
41 42
41 43
42 43
43 44
43 45
43 46
43 47
43 48
43 49
45 46
45 47
46 47
46 48
47 48
47 49
47 50
50 51
50 52
50 53
50 54
50 55
51 52
51 53
51 54
51 55
51 56
53 54
55 56
55 57
55 58
55 59
56 57
56 58
59 60
59 61
59 62
59 63
59 64
60 61
60 62
60 63
60 64
60 65
60 66
62 63
62 64
64 65
64 66
64 67
64 68
64 69
64 70
66 67
66 68
66 69
67 68
67 69
67 70
67 71
67 72
68 69
68 70
68 71
68 72
68 73
68 74
70 71
70 72
71 72
74 75
74 76
74 77
74 78
74 79
77 78
77 79
78 79
78 80
78 81
78 82
79 80
79 81
79 82
79 83
79 84
79 85
80 81
80 82
80 83
80 84
80 85
80 86
81 82
82 83
82 84
82 85
82 86
83 84
83 85
83 86
85 86
86 87
86 88
88 89
88 90
88 91
88 92
88 93
88 94
91 92
91 93
91 94
91 95
91 96
92 93
92 94
92 95
92 96
92 97
93 94
93 95
93 96
93 97
93 98
93 99
94 95
94 96
94 97
94 98
94 99
95 96
95 97
95 98
97 98
98 99
99 100
99 101
99 102
99 103
100 101
100 102
100 103
100 104
100 105
100 106
101 102
101 103
101 104
101 105
101 106
101 107
102 103
102 104
104 105
104 106
104 107
104 108
104 109
104 110
106 107
106 108
106 109
106 110
107 108
107 109
108 109
109 110
109 111
109 112
109 113
109 114
109 115
110 111
110 112
110 113
110 114
110 115
110 116
111 112
113 114
113 115
113 116
113 117
113 118
113 119
116 117
118 119
118 120
119 120
119 121
121 122
121 123
121 124
123 124
123 125
123 126
123 127
123 128
123 129
124 125
124 126
124 127
124 128
125 126
125 127
125 128
125 129
126 127
126 128
126 129
126 130
126 131
126 132
127 128
128 129
128 130
128 131
128 132
128 133
128 134
129 130
129 131
129 132
129 133
131 132
131 133
131 134
132 133
132 134
132 135
133 134
133 135
133 136
133 137
133 138
133 139
135 136
135 137
135 138
135 139
135 140
135 141
137 138
138 139
138 140
138 141
138 142
138 143
138 144
145 146
145 147
145 148
145 149
145 150
145 151
146 147
146 148
146 149
146 150
146 151
146 152
148 149
148 150
148 151
148 152
148 153
150 151
150 152
150 153
150 154
150 155
151 152
151 153
151 154
151 155
151 156
152 153
152 154
152 155
152 156
152 157
152 158
153 154
154 155
154 156
154 157
154 158
154 159
154 160
155 156
156 157
156 158
156 159
156 160
156 161
158 159
158 160
159 160
159 161
160 161
160 162
160 163
160 164
160 165
161 162
161 163
162 163
162 164
162 165
162 166
162 167
163 164
163 165
163 166
163 167
163 168
165 166
165 167
166 167
166 168
166 169
166 170
166 171
167 168
167 169
167 170
167 171
167 172
167 173
168 169
168 170
168 171
169 170
170 171
170 172
170 173
170 174
170 175
170 176
171 172
171 173
173 174
173 175
174 175
174 176
175 176
176 177
176 178
176 179
176 180
177 178
177 179
178 179
178 180
178 181
178 182
179 180
179 181
181 182
181 183
181 184
181 185
181 186
181 187
182 183
182 184
182 185
182 186
182 187
182 188
183 184
186 187
186 188
186 189
186 190
187 188
188 189
188 190
188 191
188 192
188 193
188 194
189 190
189 191
189 192
189 193
189 194
191 192
191 193
191 194
192 193
192 194
195 196
195 197
195 198
195 199
195 200
198 199
199 200
199 201
199 202
199 203
200 201
200 202
200 203
200 204
201 202
201 203
201 204
201 205
201 206
202 203
204 205
204 206
204 207
204 208
205 206
205 207
206 207
206 208
206 209
206 210
206 211
206 212
207 208
207 209
207 210
209 210
209 211
209 212
209 213
209 214
209 215
210 211
210 212
210 213
210 214
210 215
210 216
211 212
211 213
211 214
211 215
212 213
212 214
212 215
212 216
212 217
213 214
213 215
213 216
213 217
214 215
214 216
214 217
215 216
216 217
216 218
216 219
216 220
216 221
216 222
217 218
217 219
217 220
217 221
219 220
219 221
219 222
220 221
220 222
220 223
220 224
221 222
221 223
223 224
223 225
223 226
223 227
224 225
224 226
224 227
228 229
229 230
229 231
229 232
230 231
230 232
230 233
230 234
230 235
232 233
232 234
233 234
233 235
233 236
233 237
233 238
233 239
234 235
234 236
234 237
236 237
236 238
236 239
236 240
236 241
237 238
238 239
238 240
238 241
238 242
238 243
238 244
239 240
239 241
239 242
239 243
240 241
240 242
240 243
241 242
241 243
241 244
241 245
242 243
242 244
242 245
242 246
242 247
243 244
243 245
243 246
243 247
243 248
243 249
244 245
244 246
244 247
244 248
245 246
247 248
248 249
248 250
249 250
249 251
249 252
249 253
250 251
250 252
250 253
250 254
250 255
250 256
252 253
252 254
252 255
252 256
252 257
252 258
253 254
253 255
253 256
254 255
254 256
254 257
254 258
255 256
255 257
255 258
256 257
256 258
259 260
259 261
259 262
260 261
260 262
260 263
261 262
261 263
261 264
261 265
261 266
261 267
263 264
263 265
263 266
263 267
263 268
264 265
265 266
265 267
265 268
266 267
266 268
266 269
266 270
266 271
267 268
267 269
267 270
267 271
267 272
269 270
269 271
269 272
269 273
269 274
270 271
270 272
270 273
270 274
270 275
271 272
271 273
271 274
271 275
271 276
271 277
272 273
272 274
272 275
272 276
273 274
273 275
273 276
273 277
281 282
281 283
282 283
282 284
282 285
282 286
282 287
283 284
284 285
284 286
287 288
287 289
287 290
287 291
287 292
287 293
288 289
288 290
288 291
289 290
289 291
289 292
291 292
292 293
292 294
292 295
292 296
294 295
294 296
294 297
294 298
296 297
296 298
296 299
296 300
296 301
296 302
297 298
298 299
298 300
298 301
298 302
298 303
298 304
300 301
300 302
300 303
302 303
303 304
303 305
304 305
304 306
304 307
304 308
305 306
305 307
305 308
305 309
305 310
306 307
310 311
310 312
310 313
310 314
311 312
312 313
313 314
314 315
314 316
314 317
315 316
315 317
315 318
318 319
318 320
318 321
318 322
318 323
318 324
319 320
319 321
319 322
319 323
321 322
321 323
321 324
322 323
322 324
322 325
322 326
325 326
326 327
326 328
327 328
327 329
327 330
327 331
327 332
327 333
329 330
329 331
329 332
329 333
329 334
331 332
331 333
331 334
331 335
331 336
331 337
332 333
333 334
333 335
333 336
333 337
333 338
334 335
334 336
334 337
334 338
335 336
338 339
338 340
338 341
338 342
338 343
339 340
339 341
339 342
339 343
339 344
340 341
340 342
340 343
340 344
340 345
341 342
343 344
343 345
343 346
343 347
343 348
345 346
345 347
345 348
345 349
345 350
346 347
346 348
346 349
347 348
348 349
348 350
348 351
349 350
349 351
349 352
351 352
351 353
352 353
352 354
352 355
352 356
353 354
353 355
354 355
354 356
354 357
354 358
356 357
356 358
356 359
356 360
356 361
356 362
357 358
357 359
357 360
357 361
357 362
358 359
358 360
358 361
358 362
358 363
359 360
359 361
359 362
359 363
359 364
360 361
360 362
361 362
361 363
361 364
361 365
361 366
362 363
362 364
362 365
362 366
362 367
363 364
363 365
363 366
363 367
364 365
364 366
364 367
366 367
368 369
368 370
370 371
371 372
371 373
371 374
371 375
371 376
372 373
372 374
372 375
372 376
372 377
372 378
373 374
373 375
373 376
373 377
374 375
374 376
374 377
374 378
376 377
376 378
376 379
377 378
377 379
377 380
378 379
378 380
378 381
378 382
378 383
379 380
379 381
379 382
379 383
379 384
380 381
380 382
381 382
382 383
382 384
384 385
384 386
384 387
386 387
386 388
386 389
386 390
387 388
387 389
388 389
388 390
390 391
390 392
390 393
391 392
391 393
391 394
391 395
391 396
391 397
393 394
393 395
393 396
393 397
395 396
395 397
395 398
396 397
397 398
397 399
397 400
397 401
397 402
398 399
398 400
398 401
398 402
398 403
399 400
399 401
399 402
399 403
400 401
401 402
401 403
402 403
402 404
403 404
404 405
405 406
407 408
408 409
408 410
408 411
410 411
410 412
410 413
410 414
411 412
411 413
411 414
411 415
412 413
412 414
413 414
413 415
413 416
413 417
413 418
414 415
414 416
414 417
414 418
414 419
414 420
415 416
415 417
415 418
415 419
415 420
415 421
420 421
421 422
422 423
422 424
422 425
422 426
423 424
423 425
423 426
424 425
424 426
425 426
425 427
425 428
425 429
425 430
426 427
426 428
426 429
426 430
427 428
427 429
427 430
427 431
427 432
427 433
428 429
428 430
428 431
429 430
429 431
429 432
429 433
429 434
430 431
430 432
430 433
431 432
431 433
431 434
431 435
431 436
431 437
433 434
433 435
437 438
437 439
439 440
439 441
441 442
441 443
441 444
441 445
443 444
443 445
443 446
443 447
443 448
444 445
444 446
446 447
446 448
447 448
447 449
447 450
447 451
447 452
448 449
448 450
449 450
449 451
451 452
451 453
452 453
452 454
452 455
452 456
452 457
453 454
453 455
453 456
454 455
454 456
455 456
455 457
455 458
456 457
456 458
456 459
456 460
456 461
457 458
457 459
457 460
457 461
458 459
458 460
458 461
459 460
460 461
460 462
460 463
460 464
460 465
460 466
461 462
462 463
462 464
464 465
464 466
464 467
465 466
465 467
465 468
465 469
465 470
465 471
466 467
466 468
466 469
466 470
466 471
466 472
468 469
468 470
468 471
469 470
469 471
469 472
469 473
470 471
470 472
472 473
472 474
472 475
472 476
472 477
472 478
475 476
475 477
475 478
475 479
475 480
475 481
476 477
476 478
476 479
476 480
476 481
478 479
478 480
478 481
478 482
478 483
479 480
479 481
479 482
482 483
482 484
482 485
482 486
483 484
483 485
483 486
486 487
486 488
487 488
487 489
487 490
487 491
487 492
490 491
490 492
490 493
490 494
490 495
491 492
492 493
492 494
492 495
493 494
493 495
493 496
493 497
494 495
494 496
496 497
496 498
496 499
496 500
496 501
496 502
497 498
497 499
497 500
497 501
497 502
497 503
498 499
498 500
498 501
498 502
499 500
499 501
499 502
499 503
499 504
0 1
0 2
0 3
0 4
0 5
